	N0	N1	N2	N3	N4	N5	N6	N7	N8	N9	N10
N0	0	174	43	76	181	131	170	147	147	140	32
N1	174	0	172	53	67	49	65	96	80	117	105
N2	43	172	0	125	36	135	87	117	61	66	186
N3	76	53	125	0	112	114	148	115	154	87	47
N4	181	67	36	112	0	49	123	29	133	108	144
N5	131	49	135	114	49	0	110	64	135	146	113
N6	170	65	87	148	123	110	0	42	175	62	84
N7	147	96	117	115	29	64	42	0	55	142	26
N8	147	80	61	154	133	135	175	55	0	29	101
N9	140	117	66	87	108	146	62	142	29	0	125
N10	32	105	186	47	144	113	84	26	101	125	0
