	N0	N1	N2	N3	N4	N5	N6	N7	N8	N9	N10
N0	0	79	155	110	187	38	159	56	30	179	109
N1	79	0	186	103	120	180	46	180	100	107	173
N2	155	186	0	187	163	117	52	183	122	56	163
N3	110	103	187	0	156	65	194	88	199	111	46
N4	187	120	163	156	0	185	45	142	59	170	53
N5	38	180	117	65	185	0	108	156	33	176	124
N6	159	46	52	194	45	108	0	127	51	141	73
N7	56	180	183	88	142	156	127	0	61	30	48
N8	30	100	122	199	59	33	51	61	0	149	29
N9	179	107	56	111	170	176	141	30	149	0	187
N10	109	173	163	46	53	124	73	48	29	187	0
