	N0	N1	N2	N3	N4	N5	N6	N7	N8	N9	N10
N0	0	112	58	413	286	558	236	223	385	421	470
N1	112	0	417	318	95	472	198	153	530	179	409
N2	58	417	0	166	191	223	483	489	500	192	363
N3	413	318	166	0	350	59	230	476	469	229	295
N4	286	95	191	350	0	541	346	481	355	459	106
N5	558	472	223	59	541	0	115	226	388	178	506
N6	236	198	483	230	346	115	0	389	351	342	482
N7	223	153	489	476	481	226	389	0	218	260	428
N8	385	530	500	469	355	388	351	218	0	544	526
N9	421	179	192	229	459	178	342	260	544	0	102
N10	470	409	363	295	106	506	482	428	526	102	0
