	N0	N1	N2	N3	N4	N5	N6	N7	N8	N9	N10
N0	0	177	134	37	135	197	45	23	31	199	191
N1	177	0	83	111	75	21	173	87	153	31	44
N2	134	83	0	166	21	197	116	123	102	106	156
N3	37	111	166	0	70	106	101	92	172	174	135
N4	135	75	21	70	0	21	26	102	31	106	173
N5	197	21	197	106	21	0	38	176	42	26	111
N6	45	173	116	101	26	38	0	188	57	109	186
N7	23	87	123	92	102	176	188	0	164	90	116
N8	31	153	102	172	31	42	57	164	0	26	129
N9	199	31	106	174	106	26	109	90	26	0	155
N10	191	44	156	135	173	111	186	116	129	155	0
