	N0	N1	N2	N3	N4	N5	N6	N7	N8	N9	N10
N0	0	71	45	197	170	106	125	60	114	197	191
N1	71	0	164	49	47	93	192	60	130	118	111
N2	45	164	0	185	114	189	75	198	138	174	118
N3	197	49	185	0	136	42	153	157	161	66	138
N4	170	47	114	136	0	153	52	105	139	106	157
N5	106	93	189	42	153	0	152	155	63	106	55
N6	125	192	75	153	52	152	0	134	41	61	79
N7	60	60	198	157	105	155	134	0	90	43	143
N8	114	130	138	161	139	63	41	90	0	116	22
N9	197	118	174	66	106	106	61	43	116	0	66
N10	191	111	118	138	157	55	79	143	22	66	0
