	N0	N1	N2	N3	N4	N5	N6	N7	N8	N9	N10
N0	0	146	93	127	198	40	119	148	168	67	167
N1	146	0	81	25	128	169	45	106	73	147	117
N2	93	81	0	29	39	59	113	181	180	72	52
N3	127	25	29	0	76	181	166	140	135	125	130
N4	198	128	39	76	0	116	121	51	178	140	176
N5	40	169	59	181	116	0	189	93	38	193	144
N6	119	45	113	166	121	189	0	123	168	78	31
N7	148	106	181	140	51	93	123	0	191	190	161
N8	168	73	180	135	178	38	168	191	0	125	191
N9	67	147	72	125	140	193	78	190	125	0	187
N10	167	117	52	130	176	144	31	161	191	187	0
